#Heatmap structure
[   ][   ][   ][   ][   ][   ][   ][   ][   ][   ][   ][   ][   ][   ][   ][   ][   ][   ][   ][   ][   ][   ][   ][   ][   ][   ][   ]
[   ][131][130][129][128][127][126][125][124][123][122][121][120][   ][119][118][117][116][115][114][113][112][111][110][109][108][   ]
[   ][   ][   ][   ][   ][   ][   ][   ][   ][   ][   ][   ][   ][   ][   ][   ][   ][   ][   ][   ][   ][   ][   ][   ][   ][   ][   ]
[   ][  0][  1][  2][  3][  4][  5][  6][  7][  8][  9][ 10][ 11][   ][ 96][ 97][ 98][ 99][100][101][102][103][104][105][106][107][   ]
[   ][   ][   ][   ][   ][   ][   ][   ][   ][   ][   ][   ][   ][   ][   ][   ][   ][   ][   ][   ][   ][   ][   ][   ][   ][   ][   ]
[   ][   ][   ][   ][   ][   ][   ][   ][   ][   ][   ][   ][   ][   ][ 95][ 94][ 93][ 92][ 91][ 90][ 89][ 88][ 87][ 86][ 85][ 84][   ]
[   ][   ][   ][   ][   ][   ][   ][ 17][ 16][ 15][ 14][ 13][ 12][   ][   ][   ][   ][   ][   ][   ][   ][   ][   ][   ][   ][   ][   ]
[   ][   ][   ][   ][   ][   ][   ][ 18][ 19][ 20][ 21][ 22][ 23][   ][   ][   ][   ][   ][   ][   ][   ][   ][   ][   ][   ][   ][   ]
[   ][   ][   ][   ][   ][   ][   ][   ][   ][   ][   ][   ][   ][   ][ 72][ 73][ 74][ 75][ 76][ 77][ 78][ 79][ 80][ 81][ 82][ 83][   ]
[   ][   ][   ][   ][   ][   ][   ][   ][   ][   ][   ][   ][   ][   ][   ][   ][   ][   ][   ][   ][   ][   ][   ][   ][   ][   ][   ]
[   ][ 35][ 34][ 33][ 32][ 31][ 30][ 29][ 28][ 27][ 26][ 25][ 24][   ][ 71][ 70][ 69][ 68][ 67][ 66][ 65][ 64][ 63][ 62][ 61][ 60][   ]
[   ][   ][   ][   ][   ][   ][   ][   ][   ][   ][   ][   ][   ][   ][   ][   ][   ][   ][   ][   ][   ][   ][   ][   ][   ][   ][   ]
[   ][ 36][ 37][ 38][ 39][ 40][ 41][ 42][ 43][ 44][ 45][ 46][ 47][   ][ 48][ 49][ 50][ 51][ 52][ 53][ 54][ 55][ 56][ 57][ 58][ 59][   ]
[   ][   ][   ][   ][   ][   ][   ][   ][   ][   ][   ][   ][   ][   ][   ][   ][   ][   ][   ][   ][   ][   ][   ][   ][   ][   ][   ]

#Module structure
[   ][   ][   ][   ][   ][   ][   ][   ][   ][   ][   ][   ][   ][   ][   ][   ][   ][   ][   ][   ][   ][   ][   ][   ][   ][   ][   ]
[   ][ 10][ 10][ 10][ 10][ 10][ 10][ 10][ 10][ 10][ 10][ 10][ 10][   ][  9][  9][  9][  9][  9][  9][  9][  9][  9][  9][  9][  9][   ]
[   ][   ][   ][   ][   ][   ][   ][   ][   ][   ][   ][   ][   ][   ][   ][   ][   ][   ][   ][   ][   ][   ][   ][   ][   ][   ][   ]
[   ][  0][  0][  0][  0][  0][  0][  0][  0][  0][  0][  0][  0][   ][  8][  8][  8][  8][  8][  8][  8][  8][  8][  8][  8][  8][   ]
[   ][   ][   ][   ][   ][   ][   ][   ][   ][   ][   ][   ][   ][   ][   ][   ][   ][   ][   ][   ][   ][   ][   ][   ][   ][   ][   ]
[   ][   ][   ][   ][   ][   ][   ][   ][   ][   ][   ][   ][   ][   ][  7][  7][  7][  7][  7][  7][  7][  7][  7][  7][  7][  7][   ]
[   ][   ][   ][   ][   ][   ][   ][  1][  1][  1][  1][  1][  1][   ][   ][   ][   ][   ][   ][   ][   ][   ][   ][   ][   ][   ][   ]
[   ][   ][   ][   ][   ][   ][   ][  1][  1][  1][  1][  1][  1][   ][   ][   ][   ][   ][   ][   ][   ][   ][   ][   ][   ][   ][   ]
[   ][   ][   ][   ][   ][   ][   ][   ][   ][   ][   ][   ][   ][   ][  6][  6][  6][  6][  6][  6][  6][  6][  6][  6][  6][  6][   ]
[   ][   ][   ][   ][   ][   ][   ][   ][   ][   ][   ][   ][   ][   ][   ][   ][   ][   ][   ][   ][   ][   ][   ][   ][   ][   ][   ]
[   ][  2][  2][  2][  2][  2][  2][  2][  2][  2][  2][  2][  2][   ][  5][  5][  5][  5][  5][  5][  5][  5][  5][  5][  5][  5][   ]
[   ][   ][   ][   ][   ][   ][   ][   ][   ][   ][   ][   ][   ][   ][   ][   ][   ][   ][   ][   ][   ][   ][   ][   ][   ][   ][   ]
[   ][  3][  3][  3][  3][  3][  3][  3][  3][  3][  3][  3][  3][   ][  4][  4][  4][  4][  4][  4][  4][  4][  4][  4][  4][  4][   ]
[   ][   ][   ][   ][   ][   ][   ][   ][   ][   ][   ][   ][   ][   ][   ][   ][   ][   ][   ][   ][   ][   ][   ][   ][   ][   ][   ]

#Adjustable_settings
	TemperatureChannel = BMS_Cell_Temperature_
	VoltageChannel = BMS_Cell_Voltage_
	MinTemperature = 15
	MaxTemperature = 60
	MinVoltage = 3.15
	MaxVoltage = 4.2
