#Heatmap structure
[   ][   ][   ][   ][   ][   ][   ][   ][   ][   ][   ][   ][   ][   ][   ][   ][   ][   ][   ][   ][   ][   ][   ]
[   ][  0][  1][  2][  3][  4][  5][  6][  7][  8][  9][   ][ 10][ 11][ 12][ 13][ 14][ 15][ 16][ 17][ 18][ 19][   ]
[   ][139][138][137][136][135][134][133][132][131][130][   ][ 29][ 28][ 27][ 26][ 25][ 24][ 23][ 22][ 21][ 20][   ]
[   ][   ][   ][   ][   ][   ][   ][   ][   ][   ][   ][   ][   ][   ][   ][   ][   ][   ][   ][   ][   ][   ][   ]
[   ][120][121][122][123][124][125][126][127][128][129][   ][   ][   ][   ][   ][   ][   ][   ][   ][   ][   ][   ]
[   ][119][118][117][116][115][114][113][112][111][110][   ][   ][   ][   ][   ][   ][   ][   ][   ][   ][   ][   ]
[   ][   ][   ][   ][   ][   ][   ][   ][   ][   ][   ][   ][ 30][ 31][ 32][ 33][ 34][ 35][ 36][ 37][ 38][ 39][   ]
[   ][   ][   ][   ][   ][   ][   ][   ][   ][   ][   ][   ][ 49][ 48][ 47][ 46][ 45][ 44][ 43][ 42][ 41][ 40][   ]
[   ][100][101][102][103][104][105][106][107][108][109][   ][   ][   ][   ][   ][   ][   ][   ][   ][   ][   ][   ]
[   ][099][098][097][096][095][094][093][092][091][090][   ][   ][   ][   ][   ][   ][   ][   ][   ][   ][   ][   ]
[   ][   ][   ][   ][   ][   ][   ][   ][   ][   ][   ][   ][   ][   ][   ][   ][   ][   ][   ][   ][   ][   ][   ]
[   ][ 80][ 81][ 82][ 83][ 84][ 85][ 86][ 87][ 88][ 89][   ][ 50][ 51][ 52][ 53][ 54][ 55][ 56][ 57][ 58][ 59][   ]
[   ][ 79][ 78][ 77][ 76][ 75][ 74][ 73][ 72][ 71][ 70][   ][ 69][ 68][ 67][ 66][ 65][ 64][ 63][ 62][ 61][ 60][   ]
[   ][   ][   ][   ][   ][   ][   ][   ][   ][   ][   ][   ][   ][   ][   ][   ][   ][   ][   ][   ][   ][   ][   ]

#Module structure
[   ][   ][   ][   ][   ][   ][   ][   ][   ][   ][   ][   ][   ][   ][   ][   ][   ][   ][   ][   ][   ][   ][   ]
[   ][  0][  0][  0][  0][  0][  0][  0][  0][  0][  0][   ][  1][  1][  1][  1][  1][  1][  1][  1][  1][  1][   ]
[   ][  0][  0][  0][  0][  0][  0][  0][  0][  0][  0][   ][  1][  1][  1][  1][  1][  1][  1][  1][  1][  1][   ]
[   ][   ][   ][   ][   ][   ][   ][   ][   ][   ][   ][   ][   ][   ][   ][   ][   ][   ][   ][   ][   ][   ][   ]
[   ][  6][  6][  6][  6][  6][  6][  6][  6][  6][  6][   ][   ][   ][   ][   ][   ][   ][   ][   ][   ][   ][   ]
[   ][  6][  6][  6][  6][  6][  6][  6][  6][  6][  6][   ][   ][   ][   ][   ][   ][   ][   ][   ][   ][   ][   ]
[   ][   ][   ][   ][   ][   ][   ][   ][   ][   ][   ][   ][  2][  2][  2][  2][  2][  2][  2][  2][  2][  2][   ]
[   ][   ][   ][   ][   ][   ][   ][   ][   ][   ][   ][   ][  2][  2][  2][  2][  2][  2][  2][  2][  2][  2][   ]
[   ][  5][  5][  5][  5][  5][  5][  5][  5][  5][  5][   ][   ][   ][   ][   ][   ][   ][   ][   ][   ][   ][   ]
[   ][  5][  5][  5][  5][  5][  5][  5][  5][  5][  5][   ][   ][   ][   ][   ][   ][   ][   ][   ][   ][   ][   ]
[   ][   ][   ][   ][   ][   ][   ][   ][   ][   ][   ][   ][   ][   ][   ][   ][   ][   ][   ][   ][   ][   ][   ]
[   ][  4][  4][  4][  4][  4][  4][  4][  4][  4][  4][   ][  3][  3][  3][  3][  3][  3][  3][  3][  3][  3][   ]
[   ][  4][  4][  4][  4][  4][  4][  4][  4][  4][  4][   ][  3][  3][  3][  3][  3][  3][  3][  3][  3][  3][   ]
[   ][   ][   ][   ][   ][   ][   ][   ][   ][   ][   ][   ][   ][   ][   ][   ][   ][   ][   ][   ][   ][   ][   ]

#Adjustable_settings
	TemperatureChannel = BMS_Cell_Temperature_
	VoltageChannel = BMS_Cell_Voltage_
	MinTemperature = 15
	MaxTemperature = 60
	MinVoltage = 3.15
	MaxVoltage = 4.2
